{
 "cells": [
  {
   "cell_type": "code",
   "execution_count": 236,
   "metadata": {},
   "outputs": [],
   "source": [
    "import numpy as np\n",
    "import networkx as nx\n",
    "from scipy.optimize import minimize\n",
    "from scipy.spatial import distance_matrix"
   ]
  },
  {
   "cell_type": "code",
   "execution_count": 237,
   "metadata": {},
   "outputs": [
    {
     "name": "stdout",
     "output_type": "stream",
     "text": [
      "[[0 0 0 0 1]\n",
      " [0 0 1 0 1]\n",
      " [0 1 0 0 1]\n",
      " [0 0 0 0 1]\n",
      " [1 1 1 1 0]]\n",
      "----------\n",
      "0.5 \n",
      " [[-0.04689864  0.74568178]\n",
      " [-0.8762588   0.17527246]\n",
      " [-0.36791113  1.08426046]\n",
      " [ 0.36479027  1.23405882]\n",
      " [-0.22517606  1.58996605]]\n",
      "[[-0.97407698 -0.47159752 -0.71000352 -0.62617731 -0.89097049]\n",
      " [-0.47159752 -0.97407698 -1.00009684 -0.27960292 -1.35549113]\n",
      " [-0.71000352 -1.00009684 -0.97407698 -0.576878   -0.70595977]\n",
      " [-0.62617731 -0.27960292 -0.576878   -0.97407698 -0.79210934]\n",
      " [-0.89097049 -1.35549113 -0.70595977 -0.79210934 -0.97407698]]\n",
      "19.68815856931872\n",
      "----------\n",
      "0.5 \n",
      " [[-0.04689862  0.74568178]\n",
      " [-0.8762588   0.17527246]\n",
      " [-0.36791113  1.08426046]\n",
      " [ 0.36479027  1.23405882]\n",
      " [-0.22517606  1.58996605]]\n",
      "[[-0.97407698 -0.47159751 -0.71000351 -0.62617731 -0.89097049]\n",
      " [-0.47159751 -0.97407698 -1.00009684 -0.27960292 -1.35549113]\n",
      " [-0.71000351 -1.00009684 -0.97407698 -0.576878   -0.70595977]\n",
      " [-0.62617731 -0.27960292 -0.576878   -0.97407698 -0.79210934]\n",
      " [-0.89097049 -1.35549113 -0.70595977 -0.79210934 -0.97407698]]\n",
      "19.68815856223234\n",
      "----------\n",
      "0.5 \n",
      " [[-0.04689864  0.7456818 ]\n",
      " [-0.8762588   0.17527246]\n",
      " [-0.36791113  1.08426046]\n",
      " [ 0.36479027  1.23405882]\n",
      " [-0.22517606  1.58996605]]\n",
      "[[-0.97407698 -0.47159751 -0.71000352 -0.62617731 -0.89097048]\n",
      " [-0.47159751 -0.97407698 -1.00009684 -0.27960292 -1.35549113]\n",
      " [-0.71000352 -1.00009684 -0.97407698 -0.576878   -0.70595977]\n",
      " [-0.62617731 -0.27960292 -0.576878   -0.97407698 -0.79210934]\n",
      " [-0.89097048 -1.35549113 -0.70595977 -0.79210934 -0.97407698]]\n",
      "19.688158567370564\n",
      "----------\n",
      "0.5 \n",
      " [[-0.04689864  0.74568178]\n",
      " [-0.87625878  0.17527246]\n",
      " [-0.36791113  1.08426046]\n",
      " [ 0.36479027  1.23405882]\n",
      " [-0.22517606  1.58996605]]\n",
      "[[-0.97407698 -0.47159752 -0.71000352 -0.62617731 -0.89097049]\n",
      " [-0.47159752 -0.97407698 -1.00009684 -0.27960292 -1.35549112]\n",
      " [-0.71000352 -1.00009684 -0.97407698 -0.576878   -0.70595977]\n",
      " [-0.62617731 -0.27960292 -0.576878   -0.97407698 -0.79210934]\n",
      " [-0.89097049 -1.35549112 -0.70595977 -0.79210934 -0.97407698]]\n",
      "19.68815856563853\n",
      "----------\n",
      "0.5 \n",
      " [[-0.04689864  0.74568178]\n",
      " [-0.8762588   0.17527247]\n",
      " [-0.36791113  1.08426046]\n",
      " [ 0.36479027  1.23405882]\n",
      " [-0.22517606  1.58996605]]\n",
      "[[-0.97407698 -0.47159752 -0.71000352 -0.62617731 -0.89097049]\n",
      " [-0.47159752 -0.97407698 -1.00009683 -0.27960292 -1.35549112]\n",
      " [-0.71000352 -1.00009683 -0.97407698 -0.576878   -0.70595977]\n",
      " [-0.62617731 -0.27960292 -0.576878   -0.97407698 -0.79210934]\n",
      " [-0.89097049 -1.35549112 -0.70595977 -0.79210934 -0.97407698]]\n",
      "19.68815854385076\n",
      "----------\n",
      "0.5 \n",
      " [[-0.04689864  0.74568178]\n",
      " [-0.8762588   0.17527246]\n",
      " [-0.36791112  1.08426046]\n",
      " [ 0.36479027  1.23405882]\n",
      " [-0.22517606  1.58996605]]\n",
      "[[-0.97407698 -0.47159752 -0.71000352 -0.62617731 -0.89097049]\n",
      " [-0.47159752 -0.97407698 -1.00009685 -0.27960292 -1.35549113]\n",
      " [-0.71000352 -1.00009685 -0.97407698 -0.57687801 -0.70595976]\n",
      " [-0.62617731 -0.27960292 -0.57687801 -0.97407698 -0.79210934]\n",
      " [-0.89097049 -1.35549113 -0.70595976 -0.79210934 -0.97407698]]\n",
      "19.68815859763815\n",
      "----------\n",
      "0.5 \n",
      " [[-0.04689864  0.74568178]\n",
      " [-0.8762588   0.17527246]\n",
      " [-0.36791113  1.08426047]\n",
      " [ 0.36479027  1.23405882]\n",
      " [-0.22517606  1.58996605]]\n",
      "[[-0.97407698 -0.47159752 -0.71000351 -0.62617731 -0.89097049]\n",
      " [-0.47159752 -0.97407698 -1.00009685 -0.27960292 -1.35549113]\n",
      " [-0.71000351 -1.00009685 -0.97407698 -0.57687801 -0.70595976]\n",
      " [-0.62617731 -0.27960292 -0.57687801 -0.97407698 -0.79210934]\n",
      " [-0.89097049 -1.35549113 -0.70595976 -0.79210934 -0.97407698]]\n",
      "19.688158562860828\n",
      "----------\n",
      "0.5 \n",
      " [[-0.04689864  0.74568178]\n",
      " [-0.8762588   0.17527246]\n",
      " [-0.36791113  1.08426046]\n",
      " [ 0.36479029  1.23405882]\n",
      " [-0.22517606  1.58996605]]\n",
      "[[-0.97407698 -0.47159752 -0.71000352 -0.62617731 -0.89097049]\n",
      " [-0.47159752 -0.97407698 -1.00009684 -0.27960291 -1.35549113]\n",
      " [-0.71000352 -1.00009684 -0.97407698 -0.576878   -0.70595977]\n",
      " [-0.62617731 -0.27960291 -0.576878   -0.97407698 -0.79210934]\n",
      " [-0.89097049 -1.35549113 -0.70595977 -0.79210934 -0.97407698]]\n",
      "19.688158556011913\n",
      "----------\n",
      "0.5 \n",
      " [[-0.04689864  0.74568178]\n",
      " [-0.8762588   0.17527246]\n",
      " [-0.36791113  1.08426046]\n",
      " [ 0.36479027  1.23405883]\n",
      " [-0.22517606  1.58996605]]\n",
      "[[-0.97407698 -0.47159752 -0.71000352 -0.6261773  -0.89097049]\n",
      " [-0.47159752 -0.97407698 -1.00009684 -0.27960291 -1.35549113]\n",
      " [-0.71000352 -1.00009684 -0.97407698 -0.576878   -0.70595977]\n",
      " [-0.6261773  -0.27960291 -0.576878   -0.97407698 -0.79210933]\n",
      " [-0.89097049 -1.35549113 -0.70595977 -0.79210933 -0.97407698]]\n",
      "19.688158542957456\n",
      "----------\n",
      "0.5 \n",
      " [[-0.04689864  0.74568178]\n",
      " [-0.8762588   0.17527246]\n",
      " [-0.36791113  1.08426046]\n",
      " [ 0.36479027  1.23405882]\n",
      " [-0.22517604  1.58996605]]\n",
      "[[-0.97407698 -0.47159752 -0.71000352 -0.62617731 -0.89097049]\n",
      " [-0.47159752 -0.97407698 -1.00009684 -0.27960292 -1.35549113]\n",
      " [-0.71000352 -1.00009684 -0.97407698 -0.576878   -0.70595977]\n",
      " [-0.62617731 -0.27960292 -0.576878   -0.97407698 -0.79210933]\n",
      " [-0.89097049 -1.35549113 -0.70595977 -0.79210933 -0.97407698]]\n",
      "19.68815856507266\n",
      "----------\n",
      "0.5 \n",
      " [[-0.04689864  0.74568178]\n",
      " [-0.8762588   0.17527246]\n",
      " [-0.36791113  1.08426046]\n",
      " [ 0.36479027  1.23405882]\n",
      " [-0.22517606  1.58996607]]\n",
      "[[-0.97407698 -0.47159752 -0.71000352 -0.62617731 -0.8909705 ]\n",
      " [-0.47159752 -0.97407698 -1.00009684 -0.27960292 -1.35549114]\n",
      " [-0.71000352 -1.00009684 -0.97407698 -0.576878   -0.70595977]\n",
      " [-0.62617731 -0.27960292 -0.576878   -0.97407698 -0.79210934]\n",
      " [-0.8909705  -1.35549114 -0.70595977 -0.79210934 -0.97407698]]\n",
      "19.68815862955399\n",
      "----------\n",
      "0.5000000149011612 \n",
      " [[-0.04689864  0.74568178]\n",
      " [-0.8762588   0.17527246]\n",
      " [-0.36791113  1.08426046]\n",
      " [ 0.36479027  1.23405882]\n",
      " [-0.22517606  1.58996605]]\n",
      "[[-0.97407699 -0.47159752 -0.71000352 -0.62617732 -0.89097048]\n",
      " [-0.47159752 -0.97407699 -1.00009683 -0.27960292 -1.35549111]\n",
      " [-0.71000352 -1.00009683 -0.97407699 -0.57687801 -0.70595976]\n",
      " [-0.62617732 -0.27960292 -0.57687801 -0.97407699 -0.79210933]\n",
      " [-0.89097048 -1.35549111 -0.70595976 -0.79210933 -0.97407699]]\n",
      "19.68815858632337\n",
      "----------\n",
      "0.28476620757034976 \n",
      " [[ 0.04279616  0.77034027]\n",
      " [-0.82967737  0.49762926]\n",
      " [-0.72636001  1.16600024]\n",
      " [ 0.53321915  1.5677225 ]\n",
      " [-0.17143218  0.8275473 ]]\n",
      "[[-0.84563269 -0.42719137 -0.44455273 -0.41958892 -0.66212813]\n",
      " [-0.42719137 -0.84563269 -0.90796079 -0.21109736 -0.94418373]\n",
      " [-0.44455273 -0.90796079 -0.84563269 -0.30336008 -0.89234454]\n",
      " [-0.41958892 -0.21109736 -0.30336008 -0.84563269 -1.12818808]\n",
      " [-0.66212813 -0.94418373 -0.89234454 -1.12818808 -0.84563269]]\n",
      "16.909354918077458\n",
      "----------\n",
      "0.28476620757034976 \n",
      " [[ 0.04279617  0.77034027]\n",
      " [-0.82967737  0.49762926]\n",
      " [-0.72636001  1.16600024]\n",
      " [ 0.53321915  1.5677225 ]\n",
      " [-0.17143218  0.8275473 ]]\n",
      "[[-0.84563269 -0.42719137 -0.44455272 -0.41958892 -0.66212813]\n",
      " [-0.42719137 -0.84563269 -0.90796079 -0.21109736 -0.94418373]\n",
      " [-0.44455272 -0.90796079 -0.84563269 -0.30336008 -0.89234454]\n",
      " [-0.41958892 -0.21109736 -0.30336008 -0.84563269 -1.12818808]\n",
      " [-0.66212813 -0.94418373 -0.89234454 -1.12818808 -0.84563269]]\n",
      "16.90935491797051\n",
      "----------\n",
      "0.28476620757034976 \n",
      " [[ 0.04279616  0.77034028]\n",
      " [-0.82967737  0.49762926]\n",
      " [-0.72636001  1.16600024]\n",
      " [ 0.53321915  1.5677225 ]\n",
      " [-0.17143218  0.8275473 ]]\n",
      "[[-0.84563269 -0.42719137 -0.44455273 -0.41958893 -0.66212813]\n",
      " [-0.42719137 -0.84563269 -0.90796079 -0.21109736 -0.94418373]\n",
      " [-0.44455273 -0.90796079 -0.84563269 -0.30336008 -0.89234454]\n",
      " [-0.41958893 -0.21109736 -0.30336008 -0.84563269 -1.12818808]\n",
      " [-0.66212813 -0.94418373 -0.89234454 -1.12818808 -0.84563269]]\n",
      "16.909354924854703\n",
      "----------\n",
      "0.28476620757034976 \n",
      " [[ 0.04279616  0.77034027]\n",
      " [-0.82967736  0.49762926]\n",
      " [-0.72636001  1.16600024]\n",
      " [ 0.53321915  1.5677225 ]\n",
      " [-0.17143218  0.8275473 ]]\n",
      "[[-0.84563269 -0.42719138 -0.44455273 -0.41958892 -0.66212813]\n",
      " [-0.42719138 -0.84563269 -0.90796079 -0.21109736 -0.94418372]\n",
      " [-0.44455273 -0.90796079 -0.84563269 -0.30336008 -0.89234454]\n",
      " [-0.41958892 -0.21109736 -0.30336008 -0.84563269 -1.12818808]\n",
      " [-0.66212813 -0.94418372 -0.89234454 -1.12818808 -0.84563269]]\n",
      "16.909354913432086\n",
      "----------\n",
      "0.28476620757034976 \n",
      " [[ 0.04279616  0.77034027]\n",
      " [-0.82967737  0.49762928]\n",
      " [-0.72636001  1.16600024]\n",
      " [ 0.53321915  1.5677225 ]\n",
      " [-0.17143218  0.8275473 ]]\n",
      "[[-0.84563269 -0.42719137 -0.44455273 -0.41958892 -0.66212813]\n",
      " [-0.42719137 -0.84563269 -0.90796078 -0.21109736 -0.94418372]\n",
      " [-0.44455273 -0.90796078 -0.84563269 -0.30336008 -0.89234454]\n",
      " [-0.41958892 -0.21109736 -0.30336008 -0.84563269 -1.12818808]\n",
      " [-0.66212813 -0.94418372 -0.89234454 -1.12818808 -0.84563269]]\n",
      "16.90935489893889\n",
      "----------\n",
      "0.28476620757034976 \n",
      " [[ 0.04279616  0.77034027]\n",
      " [-0.82967737  0.49762926]\n",
      " [-0.72636     1.16600024]\n",
      " [ 0.53321915  1.5677225 ]\n",
      " [-0.17143218  0.8275473 ]]\n",
      "[[-0.84563269 -0.42719137 -0.44455273 -0.41958892 -0.66212813]\n",
      " [-0.42719137 -0.84563269 -0.90796079 -0.21109736 -0.94418373]\n",
      " [-0.44455273 -0.90796079 -0.84563269 -0.30336009 -0.89234453]\n",
      " [-0.41958892 -0.21109736 -0.30336009 -0.84563269 -1.12818808]\n",
      " [-0.66212813 -0.94418373 -0.89234453 -1.12818808 -0.84563269]]\n",
      "16.909354922715163\n",
      "----------\n",
      "0.28476620757034976 \n",
      " [[ 0.04279616  0.77034027]\n",
      " [-0.82967737  0.49762926]\n",
      " [-0.72636001  1.16600026]\n",
      " [ 0.53321915  1.5677225 ]\n",
      " [-0.17143218  0.8275473 ]]\n",
      "[[-0.84563269 -0.42719137 -0.44455273 -0.41958892 -0.66212813]\n",
      " [-0.42719137 -0.84563269 -0.9079608  -0.21109736 -0.94418373]\n",
      " [-0.44455273 -0.9079608  -0.84563269 -0.30336008 -0.89234454]\n",
      " [-0.41958892 -0.21109736 -0.30336008 -0.84563269 -1.12818808]\n",
      " [-0.66212813 -0.94418373 -0.89234454 -1.12818808 -0.84563269]]\n",
      "16.909354942287777\n",
      "----------\n",
      "0.28476620757034976 \n",
      " [[ 0.04279616  0.77034027]\n",
      " [-0.82967737  0.49762926]\n",
      " [-0.72636001  1.16600024]\n",
      " [ 0.53321916  1.5677225 ]\n",
      " [-0.17143218  0.8275473 ]]\n",
      "[[-0.84563269 -0.42719137 -0.44455273 -0.41958892 -0.66212813]\n",
      " [-0.42719137 -0.84563269 -0.90796079 -0.21109736 -0.94418373]\n",
      " [-0.44455273 -0.90796079 -0.84563269 -0.30336008 -0.89234454]\n",
      " [-0.41958892 -0.21109736 -0.30336008 -0.84563269 -1.12818808]\n",
      " [-0.66212813 -0.94418373 -0.89234454 -1.12818808 -0.84563269]]\n",
      "16.90935491473577\n",
      "----------\n",
      "0.28476620757034976 \n",
      " [[ 0.04279616  0.77034027]\n",
      " [-0.82967737  0.49762926]\n",
      " [-0.72636001  1.16600024]\n",
      " [ 0.53321915  1.56772251]\n",
      " [-0.17143218  0.8275473 ]]\n",
      "[[-0.84563269 -0.42719137 -0.44455273 -0.41958892 -0.66212813]\n",
      " [-0.42719137 -0.84563269 -0.90796079 -0.21109736 -0.94418373]\n",
      " [-0.44455273 -0.90796079 -0.84563269 -0.30336008 -0.89234454]\n",
      " [-0.41958892 -0.21109736 -0.30336008 -0.84563269 -1.12818808]\n",
      " [-0.66212813 -0.94418373 -0.89234454 -1.12818808 -0.84563269]]\n",
      "16.909354918106054\n",
      "----------\n",
      "0.28476620757034976 \n",
      " [[ 0.04279616  0.77034027]\n",
      " [-0.82967737  0.49762926]\n",
      " [-0.72636001  1.16600024]\n",
      " [ 0.53321915  1.5677225 ]\n",
      " [-0.17143217  0.8275473 ]]\n",
      "[[-0.84563269 -0.42719137 -0.44455273 -0.41958892 -0.66212812]\n",
      " [-0.42719137 -0.84563269 -0.90796079 -0.21109736 -0.94418373]\n",
      " [-0.44455273 -0.90796079 -0.84563269 -0.30336008 -0.89234455]\n",
      " [-0.41958892 -0.21109736 -0.30336008 -0.84563269 -1.12818807]\n",
      " [-0.66212812 -0.94418373 -0.89234455 -1.12818807 -0.84563269]]\n",
      "16.909354921533765\n",
      "----------\n",
      "0.28476620757034976 \n",
      " [[ 0.04279616  0.77034027]\n",
      " [-0.82967737  0.49762926]\n",
      " [-0.72636001  1.16600024]\n",
      " [ 0.53321915  1.5677225 ]\n",
      " [-0.17143218  0.82754732]]\n",
      "[[-0.84563269 -0.42719137 -0.44455273 -0.41958892 -0.66212813]\n",
      " [-0.42719137 -0.84563269 -0.90796079 -0.21109736 -0.94418373]\n",
      " [-0.44455273 -0.90796079 -0.84563269 -0.30336008 -0.89234454]\n",
      " [-0.41958892 -0.21109736 -0.30336008 -0.84563269 -1.12818807]\n",
      " [-0.66212813 -0.94418373 -0.89234454 -1.12818807 -0.84563269]]\n",
      "16.909354906199876\n",
      "----------\n",
      "0.28476622247151095 \n",
      " [[ 0.04279616  0.77034027]\n",
      " [-0.82967737  0.49762926]\n",
      " [-0.72636001  1.16600024]\n",
      " [ 0.53321915  1.5677225 ]\n",
      " [-0.17143218  0.8275473 ]]\n",
      "[[-0.8456327  -0.42719138 -0.44455273 -0.41958893 -0.66212812]\n",
      " [-0.42719138 -0.8456327  -0.90796078 -0.21109736 -0.94418372]\n",
      " [-0.44455273 -0.90796078 -0.8456327  -0.30336009 -0.89234453]\n",
      " [-0.41958893 -0.21109736 -0.30336009 -0.8456327  -1.12818807]\n",
      " [-0.66212812 -0.94418372 -0.89234453 -1.12818807 -0.8456327 ]]\n",
      "16.909354917165487\n",
      "----------\n",
      "0.11117979438096404 \n",
      " [[ 0.14665424  0.35835533]\n",
      " [-0.47867926  2.08469035]\n",
      " [-1.41390791 -0.31259149]\n",
      " [ 0.9315256   1.92647366]\n",
      " [-0.33704707  0.77231104]]\n",
      "[[-0.7502814  -0.16397658 -0.18601092 -0.17690388 -0.99000873]\n",
      " [-0.16397658 -0.7502814  -2.54388771 -0.23932758 -1.47006767]\n",
      " [-0.18601092 -2.54388771 -0.7502814  -0.04272959 -1.63442215]\n",
      " [-0.17690388 -0.23932758 -0.04272959 -0.7502814  -1.78711495]\n",
      " [-0.99000873 -1.47006767 -1.63442215 -1.78711495 -0.7502814 ]]\n",
      "22.220306521621964\n",
      "----------\n",
      "0.11117979438096404 \n",
      " [[ 0.14665425  0.35835533]\n",
      " [-0.47867926  2.08469035]\n",
      " [-1.41390791 -0.31259149]\n",
      " [ 0.9315256   1.92647366]\n",
      " [-0.33704707  0.77231104]]\n",
      "[[-0.7502814  -0.16397658 -0.18601092 -0.17690388 -0.99000874]\n",
      " [-0.16397658 -0.7502814  -2.54388771 -0.23932758 -1.47006767]\n",
      " [-0.18601092 -2.54388771 -0.7502814  -0.04272959 -1.63442215]\n",
      " [-0.17690388 -0.23932758 -0.04272959 -0.7502814  -1.78711495]\n",
      " [-0.99000874 -1.47006767 -1.63442215 -1.78711495 -0.7502814 ]]\n",
      "22.22030653183166\n",
      "----------\n",
      "0.11117979438096404 \n",
      " [[ 0.14665424  0.35835534]\n",
      " [-0.47867926  2.08469035]\n",
      " [-1.41390791 -0.31259149]\n",
      " [ 0.9315256   1.92647366]\n",
      " [-0.33704707  0.77231104]]\n",
      "[[-0.7502814  -0.16397658 -0.18601092 -0.17690388 -0.99000872]\n",
      " [-0.16397658 -0.7502814  -2.54388771 -0.23932758 -1.47006767]\n",
      " [-0.18601092 -2.54388771 -0.7502814  -0.04272959 -1.63442215]\n",
      " [-0.17690388 -0.23932758 -0.04272959 -0.7502814  -1.78711495]\n",
      " [-0.99000872 -1.47006767 -1.63442215 -1.78711495 -0.7502814 ]]\n",
      "22.220306516005397\n",
      "----------\n",
      "0.11117979438096404 \n",
      " [[ 0.14665424  0.35835533]\n",
      " [-0.47867924  2.08469035]\n",
      " [-1.41390791 -0.31259149]\n",
      " [ 0.9315256   1.92647366]\n",
      " [-0.33704707  0.77231104]]\n",
      "[[-0.7502814  -0.16397658 -0.18601092 -0.17690388 -0.99000873]\n",
      " [-0.16397658 -0.7502814  -2.54388772 -0.23932759 -1.47006767]\n",
      " [-0.18601092 -2.54388772 -0.7502814  -0.04272959 -1.63442215]\n",
      " [-0.17690388 -0.23932759 -0.04272959 -0.7502814  -1.78711495]\n",
      " [-0.99000873 -1.47006767 -1.63442215 -1.78711495 -0.7502814 ]]\n",
      "22.22030653697869\n",
      "----------\n",
      "0.11117979438096404 \n",
      " [[ 0.14665424  0.35835533]\n",
      " [-0.47867926  2.08469036]\n",
      " [-1.41390791 -0.31259149]\n",
      " [ 0.9315256   1.92647366]\n",
      " [-0.33704707  0.77231104]]\n",
      "[[-0.7502814  -0.16397657 -0.18601092 -0.17690388 -0.99000873]\n",
      " [-0.16397657 -0.7502814  -2.54388773 -0.23932758 -1.47006768]\n",
      " [-0.18601092 -2.54388773 -0.7502814  -0.04272959 -1.63442215]\n",
      " [-0.17690388 -0.23932758 -0.04272959 -0.7502814  -1.78711495]\n",
      " [-0.99000873 -1.47006768 -1.63442215 -1.78711495 -0.7502814 ]]\n",
      "22.22030656507808\n",
      "----------\n",
      "0.11117979438096404 \n",
      " [[ 0.14665424  0.35835533]\n",
      " [-0.47867926  2.08469035]\n",
      " [-1.4139079  -0.31259149]\n",
      " [ 0.9315256   1.92647366]\n",
      " [-0.33704707  0.77231104]]\n",
      "[[-0.7502814  -0.16397658 -0.18601092 -0.17690388 -0.99000873]\n",
      " [-0.16397658 -0.7502814  -2.54388771 -0.23932758 -1.47006767]\n",
      " [-0.18601092 -2.54388771 -0.7502814  -0.04272959 -1.63442214]\n",
      " [-0.17690388 -0.23932758 -0.04272959 -0.7502814  -1.78711495]\n",
      " [-0.99000873 -1.47006767 -1.63442214 -1.78711495 -0.7502814 ]]\n",
      "22.22030650029084\n",
      "----------\n",
      "0.11117979438096404 \n",
      " [[ 0.14665424  0.35835533]\n",
      " [-0.47867926  2.08469035]\n",
      " [-1.41390791 -0.31259148]\n",
      " [ 0.9315256   1.92647366]\n",
      " [-0.33704707  0.77231104]]\n",
      "[[-0.7502814  -0.16397658 -0.18601092 -0.17690388 -0.99000873]\n",
      " [-0.16397658 -0.7502814  -2.5438877  -0.23932758 -1.47006767]\n",
      " [-0.18601092 -2.5438877  -0.7502814  -0.04272959 -1.63442214]\n",
      " [-0.17690388 -0.23932758 -0.04272959 -0.7502814  -1.78711495]\n",
      " [-0.99000873 -1.47006767 -1.63442214 -1.78711495 -0.7502814 ]]\n",
      "22.22030648187191\n",
      "----------\n",
      "0.11117979438096404 \n",
      " [[ 0.14665424  0.35835533]\n",
      " [-0.47867926  2.08469035]\n",
      " [-1.41390791 -0.31259149]\n",
      " [ 0.93152562  1.92647366]\n",
      " [-0.33704707  0.77231104]]\n",
      "[[-0.7502814  -0.16397658 -0.18601092 -0.17690388 -0.99000873]\n",
      " [-0.16397658 -0.7502814  -2.54388771 -0.23932758 -1.47006767]\n",
      " [-0.18601092 -2.54388771 -0.7502814  -0.04272959 -1.63442215]\n",
      " [-0.17690388 -0.23932758 -0.04272959 -0.7502814  -1.78711496]\n",
      " [-0.99000873 -1.47006767 -1.63442215 -1.78711496 -0.7502814 ]]\n",
      "22.22030653060672\n",
      "----------\n",
      "0.11117979438096404 \n",
      " [[ 0.14665424  0.35835533]\n",
      " [-0.47867926  2.08469035]\n",
      " [-1.41390791 -0.31259149]\n",
      " [ 0.9315256   1.92647368]\n",
      " [-0.33704707  0.77231104]]\n",
      "[[-0.7502814  -0.16397658 -0.18601092 -0.17690388 -0.99000873]\n",
      " [-0.16397658 -0.7502814  -2.54388771 -0.23932758 -1.47006767]\n",
      " [-0.18601092 -2.54388771 -0.7502814  -0.04272959 -1.63442215]\n",
      " [-0.17690388 -0.23932758 -0.04272959 -0.7502814  -1.78711496]\n",
      " [-0.99000873 -1.47006767 -1.63442215 -1.78711496 -0.7502814 ]]\n",
      "22.22030653384499\n",
      "----------\n",
      "0.11117979438096404 \n",
      " [[ 0.14665424  0.35835533]\n",
      " [-0.47867926  2.08469035]\n",
      " [-1.41390791 -0.31259149]\n",
      " [ 0.9315256   1.92647366]\n",
      " [-0.33704705  0.77231104]]\n",
      "[[-0.7502814  -0.16397658 -0.18601092 -0.17690388 -0.99000872]\n",
      " [-0.16397658 -0.7502814  -2.54388771 -0.23932758 -1.47006767]\n",
      " [-0.18601092 -2.54388771 -0.7502814  -0.04272959 -1.63442216]\n",
      " [-0.17690388 -0.23932758 -0.04272959 -0.7502814  -1.78711494]\n",
      " [-0.99000872 -1.47006767 -1.63442216 -1.78711494 -0.7502814 ]]\n",
      "22.220306508401922\n",
      "----------\n",
      "0.11117979438096404 \n",
      " [[ 0.14665424  0.35835533]\n",
      " [-0.47867926  2.08469035]\n",
      " [-1.41390791 -0.31259149]\n",
      " [ 0.9315256   1.92647366]\n",
      " [-0.33704707  0.77231105]]\n",
      "[[-0.7502814  -0.16397658 -0.18601092 -0.17690388 -0.99000874]\n",
      " [-0.16397658 -0.7502814  -2.54388771 -0.23932758 -1.47006766]\n",
      " [-0.18601092 -2.54388771 -0.7502814  -0.04272959 -1.63442216]\n",
      " [-0.17690388 -0.23932758 -0.04272959 -0.7502814  -1.78711494]\n",
      " [-0.99000874 -1.47006766 -1.63442216 -1.78711494 -0.7502814 ]]\n",
      "22.220306511309445\n",
      "----------\n",
      "0.11117980928212523 \n",
      " [[ 0.14665424  0.35835533]\n",
      " [-0.47867926  2.08469035]\n",
      " [-1.41390791 -0.31259149]\n",
      " [ 0.9315256   1.92647366]\n",
      " [-0.33704707  0.77231104]]\n",
      "[[-0.75028141 -0.16397658 -0.18601092 -0.17690388 -0.99000872]\n",
      " [-0.16397658 -0.75028141 -2.5438877  -0.23932759 -1.47006766]\n",
      " [-0.18601092 -2.5438877  -0.75028141 -0.04272959 -1.63442214]\n",
      " [-0.17690388 -0.23932759 -0.04272959 -0.75028141 -1.78711493]\n",
      " [-0.99000872 -1.47006766 -1.63442214 -1.78711493 -0.75028141]]\n",
      "22.220306464990195\n",
      "----------\n",
      "0.2519489259367479 \n",
      " [[ 0.06243099  0.69245268]\n",
      " [-0.76331962  0.7976702 ]\n",
      " [-0.85634399  0.88646591]\n",
      " [ 0.60852075  1.635546  ]\n",
      " [-0.20274241  0.81710464]]\n",
      "[[-0.82703553 -0.44444908 -0.40748923 -0.35952183 -0.71388861]\n",
      " [-0.44444908 -0.82703553 -0.63337384 -0.22937303 -0.85951498]\n",
      " [-0.40748923 -0.63337384 -0.82703553 -0.22173996 -0.9162053 ]\n",
      " [-0.35952183 -0.22937303 -0.22173996 -0.82703553 -1.24146484]\n",
      " [-0.71388861 -0.85951498 -0.9162053  -1.24146484 -0.82703553]]\n",
      "16.189219040104785\n",
      "----------\n",
      "0.2519489259367479 \n",
      " [[ 0.062431    0.69245268]\n",
      " [-0.76331962  0.7976702 ]\n",
      " [-0.85634399  0.88646591]\n",
      " [ 0.60852075  1.635546  ]\n",
      " [-0.20274241  0.81710464]]\n",
      "[[-0.82703553 -0.44444908 -0.40748922 -0.35952183 -0.71388862]\n",
      " [-0.44444908 -0.82703553 -0.63337384 -0.22937303 -0.85951498]\n",
      " [-0.40748922 -0.63337384 -0.82703553 -0.22173996 -0.9162053 ]\n",
      " [-0.35952183 -0.22937303 -0.22173996 -0.82703553 -1.24146484]\n",
      " [-0.71388862 -0.85951498 -0.9162053  -1.24146484 -0.82703553]]\n",
      "16.189219038009938\n",
      "----------\n",
      "0.2519489259367479 \n",
      " [[ 0.06243099  0.6924527 ]\n",
      " [-0.76331962  0.7976702 ]\n",
      " [-0.85634399  0.88646591]\n",
      " [ 0.60852075  1.635546  ]\n",
      " [-0.20274241  0.81710464]]\n",
      "[[-0.82703553 -0.44444908 -0.40748923 -0.35952183 -0.71388861]\n",
      " [-0.44444908 -0.82703553 -0.63337384 -0.22937303 -0.85951498]\n",
      " [-0.40748923 -0.63337384 -0.82703553 -0.22173996 -0.9162053 ]\n",
      " [-0.35952183 -0.22937303 -0.22173996 -0.82703553 -1.24146484]\n",
      " [-0.71388861 -0.85951498 -0.9162053  -1.24146484 -0.82703553]]\n",
      "16.189219044836396\n",
      "----------\n",
      "0.2519489259367479 \n",
      " [[ 0.06243099  0.69245268]\n",
      " [-0.76331961  0.7976702 ]\n",
      " [-0.85634399  0.88646591]\n",
      " [ 0.60852075  1.635546  ]\n",
      " [-0.20274241  0.81710464]]\n",
      "[[-0.82703553 -0.44444909 -0.40748923 -0.35952183 -0.71388861]\n",
      " [-0.44444909 -0.82703553 -0.63337385 -0.22937303 -0.85951497]\n",
      " [-0.40748923 -0.63337385 -0.82703553 -0.22173996 -0.9162053 ]\n",
      " [-0.35952183 -0.22937303 -0.22173996 -0.82703553 -1.24146484]\n",
      " [-0.71388861 -0.85951497 -0.9162053  -1.24146484 -0.82703553]]\n",
      "16.1892190488661\n",
      "----------\n",
      "0.2519489259367479 \n",
      " [[ 0.06243099  0.69245268]\n",
      " [-0.76331962  0.79767022]\n",
      " [-0.85634399  0.88646591]\n",
      " [ 0.60852075  1.635546  ]\n",
      " [-0.20274241  0.81710464]]\n",
      "[[-0.82703553 -0.44444908 -0.40748923 -0.35952183 -0.71388861]\n",
      " [-0.44444908 -0.82703553 -0.63337384 -0.22937303 -0.85951498]\n",
      " [-0.40748923 -0.63337384 -0.82703553 -0.22173996 -0.9162053 ]\n",
      " [-0.35952183 -0.22937303 -0.22173996 -0.82703553 -1.24146484]\n",
      " [-0.71388861 -0.85951498 -0.9162053  -1.24146484 -0.82703553]]\n",
      "16.18921903168655\n",
      "----------\n",
      "0.2519489259367479 \n",
      " [[ 0.06243099  0.69245268]\n",
      " [-0.76331962  0.7976702 ]\n",
      " [-0.85634398  0.88646591]\n",
      " [ 0.60852075  1.635546  ]\n",
      " [-0.20274241  0.81710464]]\n",
      "[[-0.82703553 -0.44444908 -0.40748923 -0.35952183 -0.71388861]\n",
      " [-0.44444908 -0.82703553 -0.63337384 -0.22937303 -0.85951498]\n",
      " [-0.40748923 -0.63337384 -0.82703553 -0.22173996 -0.91620529]\n",
      " [-0.35952183 -0.22937303 -0.22173996 -0.82703553 -1.24146484]\n",
      " [-0.71388861 -0.85951498 -0.91620529 -1.24146484 -0.82703553]]\n",
      "16.189219027245443\n",
      "----------\n",
      "0.2519489259367479 \n",
      " [[ 0.06243099  0.69245268]\n",
      " [-0.76331962  0.7976702 ]\n",
      " [-0.85634399  0.88646593]\n",
      " [ 0.60852075  1.635546  ]\n",
      " [-0.20274241  0.81710464]]\n",
      "[[-0.82703553 -0.44444908 -0.40748923 -0.35952183 -0.71388861]\n",
      " [-0.44444908 -0.82703553 -0.63337385 -0.22937303 -0.85951498]\n",
      " [-0.40748923 -0.63337385 -0.82703553 -0.22173996 -0.9162053 ]\n",
      " [-0.35952183 -0.22937303 -0.22173996 -0.82703553 -1.24146484]\n",
      " [-0.71388861 -0.85951498 -0.9162053  -1.24146484 -0.82703553]]\n",
      "16.18921905228452\n",
      "----------\n",
      "0.2519489259367479 \n",
      " [[ 0.06243099  0.69245268]\n",
      " [-0.76331962  0.7976702 ]\n",
      " [-0.85634399  0.88646591]\n",
      " [ 0.60852076  1.635546  ]\n",
      " [-0.20274241  0.81710464]]\n",
      "[[-0.82703553 -0.44444908 -0.40748923 -0.35952183 -0.71388861]\n",
      " [-0.44444908 -0.82703553 -0.63337384 -0.22937303 -0.85951498]\n",
      " [-0.40748923 -0.63337384 -0.82703553 -0.22173996 -0.9162053 ]\n",
      " [-0.35952183 -0.22937303 -0.22173996 -0.82703553 -1.24146485]\n",
      " [-0.71388861 -0.85951498 -0.9162053  -1.24146485 -0.82703553]]\n",
      "16.189219040022667\n",
      "----------\n",
      "0.2519489259367479 \n",
      " [[ 0.06243099  0.69245268]\n",
      " [-0.76331962  0.7976702 ]\n",
      " [-0.85634399  0.88646591]\n",
      " [ 0.60852075  1.63554601]\n",
      " [-0.20274241  0.81710464]]\n",
      "[[-0.82703553 -0.44444908 -0.40748923 -0.35952182 -0.71388861]\n",
      " [-0.44444908 -0.82703553 -0.63337384 -0.22937303 -0.85951498]\n",
      " [-0.40748923 -0.63337384 -0.82703553 -0.22173996 -0.9162053 ]\n",
      " [-0.35952182 -0.22937303 -0.22173996 -0.82703553 -1.24146485]\n",
      " [-0.71388861 -0.85951498 -0.9162053  -1.24146485 -0.82703553]]\n",
      "16.189219041483664\n",
      "----------\n",
      "0.2519489259367479 \n",
      " [[ 0.06243099  0.69245268]\n",
      " [-0.76331962  0.7976702 ]\n",
      " [-0.85634399  0.88646591]\n",
      " [ 0.60852075  1.635546  ]\n",
      " [-0.2027424   0.81710464]]\n",
      "[[-0.82703553 -0.44444908 -0.40748923 -0.35952183 -0.71388861]\n",
      " [-0.44444908 -0.82703553 -0.63337384 -0.22937303 -0.85951499]\n",
      " [-0.40748923 -0.63337384 -0.82703553 -0.22173996 -0.91620531]\n",
      " [-0.35952183 -0.22937303 -0.22173996 -0.82703553 -1.24146483]\n",
      " [-0.71388861 -0.85951499 -0.91620531 -1.24146483 -0.82703553]]\n",
      "16.18921904637977\n",
      "----------\n",
      "0.2519489259367479 \n",
      " [[ 0.06243099  0.69245268]\n",
      " [-0.76331962  0.7976702 ]\n",
      " [-0.85634399  0.88646591]\n",
      " [ 0.60852075  1.635546  ]\n",
      " [-0.20274241  0.81710466]]\n",
      "[[-0.82703553 -0.44444908 -0.40748923 -0.35952183 -0.71388862]\n",
      " [-0.44444908 -0.82703553 -0.63337384 -0.22937303 -0.85951498]\n",
      " [-0.40748923 -0.63337384 -0.82703553 -0.22173996 -0.9162053 ]\n",
      " [-0.35952183 -0.22937303 -0.22173996 -0.82703553 -1.24146483]\n",
      " [-0.71388862 -0.85951498 -0.9162053  -1.24146483 -0.82703553]]\n",
      "16.189219030232778\n",
      "----------\n",
      "0.2519489408379091 \n",
      " [[ 0.06243099  0.69245268]\n",
      " [-0.76331962  0.7976702 ]\n",
      " [-0.85634399  0.88646591]\n",
      " [ 0.60852075  1.635546  ]\n",
      " [-0.20274241  0.81710464]]\n",
      "[[-0.82703554 -0.44444909 -0.40748923 -0.35952183 -0.7138886 ]\n",
      " [-0.44444909 -0.82703554 -0.63337384 -0.22937303 -0.85951497]\n",
      " [-0.40748923 -0.63337384 -0.82703554 -0.22173996 -0.91620529]\n",
      " [-0.35952183 -0.22937303 -0.22173996 -0.82703554 -1.24146483]\n",
      " [-0.7138886  -0.85951497 -0.91620529 -1.24146483 -0.82703554]]\n",
      "16.189219038283117\n",
      "----------\n",
      "0.178853603500409 \n",
      " [[ 0.23087326  0.47998248]\n",
      " [-1.14970678  1.4529066 ]\n",
      " [-0.50593345  0.35074278]\n",
      " [ 0.74001136  1.81914892]\n",
      " [-0.46669827  0.72645934]]\n",
      "[[-0.78656724 -0.19957739 -0.44850989 -0.25107694 -1.01247061]\n",
      " [-0.19957739 -0.78656724 -1.38549864 -0.16081323 -1.18373194]\n",
      " [-0.44850989 -1.38549864 -0.78656724 -0.16068108 -0.79753751]\n",
      " [-0.25107694 -0.16081323 -0.16068108 -0.78656724 -1.6599656 ]\n",
      " [-1.01247061 -1.18373194 -0.79753751 -1.6599656  -0.78656724]]\n",
      "18.452561863734818\n",
      "----------\n",
      "0.178853603500409 \n",
      " [[ 0.23087328  0.47998248]\n",
      " [-1.14970678  1.4529066 ]\n",
      " [-0.50593345  0.35074278]\n",
      " [ 0.74001136  1.81914892]\n",
      " [-0.46669827  0.72645934]]\n",
      "[[-0.78656724 -0.19957739 -0.44850988 -0.25107694 -1.01247062]\n",
      " [-0.19957739 -0.78656724 -1.38549864 -0.16081323 -1.18373194]\n",
      " [-0.44850988 -1.38549864 -0.78656724 -0.16068108 -0.79753751]\n",
      " [-0.25107694 -0.16081323 -0.16068108 -0.78656724 -1.6599656 ]\n",
      " [-1.01247062 -1.18373194 -0.79753751 -1.6599656  -0.78656724]]\n",
      "18.452561868960334\n",
      "----------\n",
      "0.178853603500409 \n",
      " [[ 0.23087326  0.4799825 ]\n",
      " [-1.14970678  1.4529066 ]\n",
      " [-0.50593345  0.35074278]\n",
      " [ 0.74001136  1.81914892]\n",
      " [-0.46669827  0.72645934]]\n",
      "[[-0.78656724 -0.19957739 -0.44850989 -0.25107694 -1.0124706 ]\n",
      " [-0.19957739 -0.78656724 -1.38549864 -0.16081323 -1.18373194]\n",
      " [-0.44850989 -1.38549864 -0.78656724 -0.16068108 -0.79753751]\n",
      " [-0.25107694 -0.16081323 -0.16068108 -0.78656724 -1.6599656 ]\n",
      " [-1.0124706  -1.18373194 -0.79753751 -1.6599656  -0.78656724]]\n",
      "18.452561864843833\n",
      "----------\n",
      "0.178853603500409 \n",
      " [[ 0.23087326  0.47998248]\n",
      " [-1.14970676  1.4529066 ]\n",
      " [-0.50593345  0.35074278]\n",
      " [ 0.74001136  1.81914892]\n",
      " [-0.46669827  0.72645934]]\n",
      "[[-0.78656724 -0.19957739 -0.44850989 -0.25107694 -1.01247061]\n",
      " [-0.19957739 -0.78656724 -1.38549863 -0.16081323 -1.18373194]\n",
      " [-0.44850989 -1.38549863 -0.78656724 -0.16068108 -0.79753751]\n",
      " [-0.25107694 -0.16081323 -0.16068108 -0.78656724 -1.6599656 ]\n",
      " [-1.01247061 -1.18373194 -0.79753751 -1.6599656  -0.78656724]]\n",
      "18.4525618470533\n",
      "----------\n",
      "0.178853603500409 \n",
      " [[ 0.23087326  0.47998248]\n",
      " [-1.14970678  1.45290662]\n",
      " [-0.50593345  0.35074278]\n",
      " [ 0.74001136  1.81914892]\n",
      " [-0.46669827  0.72645934]]\n",
      "[[-0.78656724 -0.19957739 -0.44850989 -0.25107694 -1.01247061]\n",
      " [-0.19957739 -0.78656724 -1.38549865 -0.16081323 -1.18373195]\n",
      " [-0.44850989 -1.38549865 -0.78656724 -0.16068108 -0.79753751]\n",
      " [-0.25107694 -0.16081323 -0.16068108 -0.78656724 -1.6599656 ]\n",
      " [-1.01247061 -1.18373195 -0.79753751 -1.6599656  -0.78656724]]\n",
      "18.452561895832158\n",
      "----------\n",
      "0.178853603500409 \n",
      " [[ 0.23087326  0.47998248]\n",
      " [-1.14970678  1.4529066 ]\n",
      " [-0.50593344  0.35074278]\n",
      " [ 0.74001136  1.81914892]\n",
      " [-0.46669827  0.72645934]]\n",
      "[[-0.78656724 -0.19957739 -0.44850989 -0.25107694 -1.01247061]\n",
      " [-0.19957739 -0.78656724 -1.38549864 -0.16081323 -1.18373194]\n",
      " [-0.44850989 -1.38549864 -0.78656724 -0.16068108 -0.79753751]\n",
      " [-0.25107694 -0.16081323 -0.16068108 -0.78656724 -1.6599656 ]\n",
      " [-1.01247061 -1.18373194 -0.79753751 -1.6599656  -0.78656724]]\n",
      "18.452561886775477\n",
      "----------\n",
      "0.178853603500409 \n",
      " [[ 0.23087326  0.47998248]\n",
      " [-1.14970678  1.4529066 ]\n",
      " [-0.50593345  0.3507428 ]\n",
      " [ 0.74001136  1.81914892]\n",
      " [-0.46669827  0.72645934]]\n",
      "[[-0.78656724 -0.19957739 -0.44850989 -0.25107694 -1.01247061]\n",
      " [-0.19957739 -0.78656724 -1.38549863 -0.16081323 -1.18373194]\n",
      " [-0.44850989 -1.38549863 -0.78656724 -0.16068108 -0.7975375 ]\n",
      " [-0.25107694 -0.16081323 -0.16068108 -0.78656724 -1.6599656 ]\n",
      " [-1.01247061 -1.18373194 -0.7975375  -1.6599656  -0.78656724]]\n",
      "18.45256183338377\n",
      "----------\n",
      "0.178853603500409 \n",
      " [[ 0.23087326  0.47998248]\n",
      " [-1.14970678  1.4529066 ]\n",
      " [-0.50593345  0.35074278]\n",
      " [ 0.74001138  1.81914892]\n",
      " [-0.46669827  0.72645934]]\n",
      "[[-0.78656724 -0.19957739 -0.44850989 -0.25107694 -1.01247061]\n",
      " [-0.19957739 -0.78656724 -1.38549864 -0.16081323 -1.18373194]\n",
      " [-0.44850989 -1.38549864 -0.78656724 -0.16068108 -0.79753751]\n",
      " [-0.25107694 -0.16081323 -0.16068108 -0.78656724 -1.65996561]\n",
      " [-1.01247061 -1.18373194 -0.79753751 -1.65996561 -0.78656724]]\n",
      "18.4525618720656\n",
      "----------\n",
      "0.178853603500409 \n",
      " [[ 0.23087326  0.47998248]\n",
      " [-1.14970678  1.4529066 ]\n",
      " [-0.50593345  0.35074278]\n",
      " [ 0.74001136  1.81914893]\n",
      " [-0.46669827  0.72645934]]\n",
      "[[-0.78656724 -0.19957739 -0.44850989 -0.25107694 -1.01247061]\n",
      " [-0.19957739 -0.78656724 -1.38549864 -0.16081323 -1.18373194]\n",
      " [-0.44850989 -1.38549864 -0.78656724 -0.16068108 -0.79753751]\n",
      " [-0.25107694 -0.16081323 -0.16068108 -0.78656724 -1.65996561]\n",
      " [-1.01247061 -1.18373194 -0.79753751 -1.65996561 -0.78656724]]\n",
      "18.452561869534307\n",
      "----------\n",
      "0.178853603500409 \n",
      " [[ 0.23087326  0.47998248]\n",
      " [-1.14970678  1.4529066 ]\n",
      " [-0.50593345  0.35074278]\n",
      " [ 0.74001136  1.81914892]\n",
      " [-0.46669826  0.72645934]]\n",
      "[[-0.78656724 -0.19957739 -0.44850989 -0.25107694 -1.0124706 ]\n",
      " [-0.19957739 -0.78656724 -1.38549864 -0.16081323 -1.18373195]\n",
      " [-0.44850989 -1.38549864 -0.78656724 -0.16068108 -0.79753751]\n",
      " [-0.25107694 -0.16081323 -0.16068108 -0.78656724 -1.6599656 ]\n",
      " [-1.0124706  -1.18373195 -0.79753751 -1.6599656  -0.78656724]]\n",
      "18.45256184381939\n",
      "----------\n",
      "0.178853603500409 \n",
      " [[ 0.23087326  0.47998248]\n",
      " [-1.14970678  1.4529066 ]\n",
      " [-0.50593345  0.35074278]\n",
      " [ 0.74001136  1.81914892]\n",
      " [-0.46669827  0.72645935]]\n",
      "[[-0.78656724 -0.19957739 -0.44850989 -0.25107694 -1.01247061]\n",
      " [-0.19957739 -0.78656724 -1.38549864 -0.16081323 -1.18373194]\n",
      " [-0.44850989 -1.38549864 -0.78656724 -0.16068108 -0.79753752]\n",
      " [-0.25107694 -0.16081323 -0.16068108 -0.78656724 -1.6599656 ]\n",
      " [-1.01247061 -1.18373194 -0.79753752 -1.6599656  -0.78656724]]\n",
      "18.452561855080027\n",
      "----------\n",
      "0.17885361840157019 \n",
      " [[ 0.23087326  0.47998248]\n",
      " [-1.14970678  1.4529066 ]\n",
      " [-0.50593345  0.35074278]\n",
      " [ 0.74001136  1.81914892]\n",
      " [-0.46669827  0.72645934]]\n",
      "[[-0.78656725 -0.19957739 -0.44850989 -0.25107694 -1.0124706 ]\n",
      " [-0.19957739 -0.78656725 -1.38549863 -0.16081323 -1.18373193]\n",
      " [-0.44850989 -1.38549863 -0.78656725 -0.16068108 -0.7975375 ]\n",
      " [-0.25107694 -0.16081323 -0.16068108 -0.78656725 -1.65996559]\n",
      " [-1.0124706  -1.18373193 -0.7975375  -1.65996559 -0.78656725]]\n",
      "18.452561833428515\n",
      "----------\n",
      "0.2415314287828803 \n",
      " [[ 0.08643727  0.66217157]\n",
      " [-0.81838726  0.89105406]\n",
      " [-0.80640371  0.81011501]\n",
      " [ 0.6272607   1.66171296]\n",
      " [-0.24036123  0.80418593]]\n",
      "[[-0.82118742 -0.40591668 -0.41545104 -0.34261838 -0.75218865]\n",
      " [-0.40591668 -0.82118742 -0.61647718 -0.2210704  -0.87927336]\n",
      " [-0.41545104 -0.61647718 -0.82118742 -0.21533035 -0.86852681]\n",
      " [-0.34261838 -0.2210704  -0.21533035 -0.82118742 -1.2974834 ]\n",
      " [-0.75218865 -0.87927336 -0.86852681 -1.2974834  -0.82118742]]\n",
      "16.134609582144147\n",
      "----------\n",
      "0.2415314287828803 \n",
      " [[ 0.08643728  0.66217157]\n",
      " [-0.81838726  0.89105406]\n",
      " [-0.80640371  0.81011501]\n",
      " [ 0.6272607   1.66171296]\n",
